# Created by Octave 4.2.1, Tue Mar 27 16:36:24 2018 +03 <radko@kekrometr>
# name: SaveX
# type: matrix
# rows: 256
# columns: 2
 0 0.5287161286987976
 0.010835834043442 0.5288483431042702
 0.021671668086884 0.5292455412702189
 0.03250750213032599 0.5299093940560217
 0.043343336173768 0.5308427064049973
 0.05417917021721 0.5320494480170134
 0.06501500426065199 0.5335347971297619
 0.07585083830409399 0.5353051982696219
 0.08668667234753599 0.5373684351352662
 0.09752250639097799 0.5397337200949653
 0.10835834043442 0.5424118021664053
 0.119194174477862 0.545415095775293
 0.130030008521304 0.5487578331096187
 0.140865842564746 0.5524562435025907
 0.151701676608188 0.5565287639849498
 0.16253751065163 0.5609962861009373
 0.173373344695072 0.5658824450875457
 0.184209178738514 0.5712139589065166
 0.195045012781956 0.577021026254933
 0.205880846825398 0.5833377946987005
 0.21671668086884 0.5902029126715034
 0.227552514912282 0.5976601822698404
 0.238388348955724 0.6057593338691277
 0.249224182999166 0.6145569487761152
 0.2600600170426079 0.624117562811363
 0.27089585108605 0.6345149923322715
 0.281731685129492 0.6458339354573458
 0.292567519172934 0.6581719160036047
 0.303403353216376 0.6716416572118725
 0.314239187259818 0.6863739984739609
 0.32507502130326 0.702521503588763
 0.335910855346702 0.7202629572085972
 0.346746689390144 0.7398090126325045
 0.357582523433586 0.7614093468697406
 0.3684183574770279 0.7853618102595368
 0.37925419152047 0.8120242463806973
 0.390090025563912 0.841829932679891
 0.4009258596073539 0.8753079992817441
 0.411761693650796 0.9131107978432021
 0.422597527694238 0.9560511384034046
 0.43343336173768 1.005153801873606
 0.444269195781122 1.061728139709349
 0.455105029824564 1.127472559764346
 0.465940863868006 1.204628518810947
 0.4767766979114479 1.296213728068519
 0.48761253195489 1.406386565693809
 0.498448365998332 1.5410367380792
 0.509284200041774 1.708785006370455
 0.5201200340852159 1.922765668198842
 0.5309558681286579 2.204014206066092
 0.5417917021720999 2.588444455123116
 0.5526275362155419 3.142804542668245
 0.563463370258984 4.006773052163528
 0.574299204302426 5.529924426767725
 0.585135038345868 8.90304540953503
 0.5959708723893099 22.50818992538724
 0.6068067064327519 44.57640672243008
 0.6176425404761939 11.38422754193335
 0.628478374519636 6.606407740653032
 0.639314208563078 4.703736304786411
 0.65015004260652 3.688319413892218
 0.6609858766499619 3.062013800998253
 0.6718217106934039 2.641110802875095
 0.6826575447368459 2.342080234757608
 0.6934933787802879 2.121500411866979
 0.70432921282373 1.954588154130193
 0.715165046867172 1.826191480235174
 0.726000880910614 1.726550600492663
 0.7368367149540559 1.649122097739659
 0.7476725489974979 1.589383812083743
 0.7585083830409399 1.544142049555307
 0.7693442170843819 1.511112394205226
 0.780180051127824 1.488657581567277
 0.791015885171266 1.475619904573364
 0.8018517192147079 1.471213218074573
 0.8126875532581499 1.474954487530029
 0.8235233873015919 1.486623304318353
 0.8343592213450339 1.506242957115765
 0.8451950553884759 1.534080129887565
 0.856030889431918 1.570663039721634
 0.86686672347536 1.616820500970655
 0.8777025575188019 1.673747644403989
 0.8885383915622439 1.743108669625405
 0.8993742256056859 1.827194435603577
 0.9102100596491279 1.929165422106053
 0.92104589369257 2.053433630042778
 0.931881727736012 2.206280872304247
 0.9427175617794539 2.396899232160003
 0.9535533958228959 2.639228821400649
 0.9643892298663379 2.955405661771344
 0.9752250639097799 3.382742341271668
 0.9860608979532219 3.989329043185737
 0.996896731996664 4.913886579911058
 1.007732566040106 6.489225959512376
 1.018568400083548 9.763938447924593
 1.02940423412699 20.66320233252163
 1.040240068170432 124.3478346089489
 1.051075902213874 14.92771553665588
 1.061911736257316 7.778201842672665
 1.072747570300758 5.183835662388296
 1.0835834043442 3.843417963709781
 1.094419238387642 3.024860214126798
 1.105255072431084 2.473026141142345
 1.116090906474526 2.075724131433956
 1.126926740517968 1.775901313239923
 1.13776257456141 1.541479377802332
 1.148598408604852 1.353039486326607
 1.159434242648294 1.198140389239719
 1.170270076691736 1.068445003526248
 1.181105910735178 0.958159353378064
 1.19194174477862 0.8631342561925492
 1.202777578822062 0.7803234260027898
 1.213613412865504 0.7074435389621411
 1.224449246908946 0.6427539441991158
 1.235285080952388 0.5849100679774238
 1.24612091499583 0.5328638465077694
 1.256956749039272 0.4857952186875726
 1.267792583082714 0.44306488407468
 1.278628417126156 0.4041822256752642
 1.289464251169598 0.3687845669087822
 1.30030008521304 0.3366253118094474
 1.311135919256482 0.3075692218121988
 1.321971753299924 0.2815930717028208
 1.332807587343366 0.2587889226975141
 1.343643421386808 0.2393648434188012
 1.35447925543025 0.2236341058077353
 1.365315089473692 0.2119805443087335
 1.376150923517134 0.2047904118082617
 1.386986757560576 0.2023569366031586
 1.397822591604018 0.2047904118082617
 1.40865842564746 0.2119805443087335
 1.419494259690902 0.2236341058077353
 1.430330093734344 0.2393648434188012
 1.441165927777786 0.2587889226975141
 1.452001761821228 0.2815930717028208
 1.46283759586467 0.3075692218121988
 1.473673429908112 0.3366253118094474
 1.484509263951554 0.3687845669087822
 1.495345097994996 0.4041822256752642
 1.506180932038438 0.44306488407468
 1.51701676608188 0.4857952186875726
 1.527852600125322 0.5328638465077694
 1.538688434168764 0.5849100679774238
 1.549524268212206 0.6427539441991158
 1.560360102255648 0.7074435389621411
 1.57119593629909 0.7803234260027898
 1.582031770342532 0.8631342561925492
 1.592867604385974 0.958159353378064
 1.603703438429416 1.068445003526248
 1.614539272472858 1.198140389239719
 1.6253751065163 1.353039486326607
 1.636210940559742 1.541479377802332
 1.647046774603184 1.775901313239923
 1.657882608646626 2.075724131433956
 1.668718442690068 2.473026141142345
 1.67955427673351 3.024860214126798
 1.690390110776952 3.843417963709781
 1.701225944820394 5.183835662388296
 1.712061778863836 7.778201842672665
 1.722897612907278 14.92771553665588
 1.73373344695072 124.3478346089489
 1.744569280994162 20.66320233252163
 1.755405115037604 9.763938447924593
 1.766240949081046 6.489225959512376
 1.777076783124488 4.913886579911058
 1.78791261716793 3.989329043185737
 1.798748451211372 3.382742341271668
 1.809584285254814 2.955405661771344
 1.820420119298256 2.639228821400649
 1.831255953341698 2.396899232160003
 1.84209178738514 2.206280872304247
 1.852927621428582 2.053433630042778
 1.863763455472024 1.929165422106053
 1.874599289515466 1.827194435603577
 1.885435123558908 1.743108669625405
 1.89627095760235 1.673747644403989
 1.907106791645792 1.616820500970655
 1.917942625689234 1.570663039721634
 1.928778459732676 1.534080129887565
 1.939614293776118 1.506242957115765
 1.95045012781956 1.486623304318353
 1.961285961863002 1.474954487530029
 1.972121795906444 1.471213218074573
 1.982957629949886 1.475619904573364
 1.993793463993328 1.488657581567277
 2.00462929803677 1.511112394205226
 2.015465132080212 1.544142049555307
 2.026300966123654 1.589383812083743
 2.037136800167096 1.649122097739659
 2.047972634210538 1.726550600492663
 2.05880846825398 1.826191480235174
 2.069644302297422 1.954588154130193
 2.080480136340864 2.121500411866979
 2.091315970384306 2.342080234757608
 2.102151804427748 2.641110802875095
 2.11298763847119 3.062013800998253
 2.123823472514632 3.688319413892218
 2.134659306558074 4.703736304786411
 2.145495140601516 6.606407740653032
 2.156330974644958 11.38422754193335
 2.1671668086884 44.57640672243008
 2.178002642731842 22.50818992538724
 2.188838476775284 8.90304540953503
 2.199674310818726 5.529924426767725
 2.210510144862168 4.006773052163528
 2.22134597890561 3.142804542668245
 2.232181812949052 2.588444455123116
 2.243017646992494 2.204014206066092
 2.253853481035936 1.922765668198842
 2.264689315079378 1.708785006370455
 2.27552514912282 1.5410367380792
