# Created by Octave 4.2.1, Mon Mar 26 00:01:50 2018 +03 <radko@kekrometr>
# name: SaveX
# type: matrix
# rows: 512
# columns: 2
 0 5.565294904790568
 0.010835834043442 28.40189087322758
 0.021671668086884 25.641991216575
 0.03250750213032599 27.46936306764088
 0.043343336173768 39.21410354642262
 0.05417917021721 53.94095552420596
 0.06501500426065199 17.13807421414818
 0.07585083830409399 60.68208872098479
 0.08668667234753599 29.55835649661039
 0.09752250639097799 35.70134543070756
 0.10835834043442 28.13425520863014
 0.119194174477862 34.44175688916098
 0.130030008521304 13.90070696900694
 0.140865842564746 30.8628852034201
 0.151701676608188 39.96077195587932
 0.16253751065163 67.71396057672453
 0.173373344695072 63.29324617281892
 0.184209178738514 79.20884607208427
 0.195045012781956 8.505290556831044
 0.205880846825398 26.52249613154396
 0.21671668086884 5.451213208021309
 0.227552514912282 31.91045018868274
 0.238388348955724 33.90071814231867
 0.249224182999166 28.53720945761099
 0.2600600170426079 16.35807844344764
 0.27089585108605 33.51642036058591
 0.281731685129492 24.86452514520173
 0.292567519172934 21.32241159728135
 0.303403353216376 32.01092410210185
 0.314239187259818 28.1582468135472
 0.32507502130326 34.06381637638638
 0.335910855346702 28.6933385088118
 0.346746689390144 6.41263876837226
 0.357582523433586 48.58261219855429
 0.3684183574770279 43.7485915187574
 0.37925419152047 31.69342380762584
 0.390090025563912 39.39490387021127
 0.4009258596073539 48.91683574451952
 0.411761693650796 17.42579424013575
 0.422597527694238 48.9261407925478
 0.43343336173768 29.38986245300685
 0.444269195781122 65.03875516158074
 0.455105029824564 53.70419032933905
 0.465940863868006 14.31542403554381
 0.4767766979114479 55.21505384730079
 0.48761253195489 80.11081389770719
 0.498448365998332 36.45326687679658
 0.509284200041774 63.54438581885349
 0.5201200340852159 28.62251340792891
 0.5309558681286579 52.15857376338109
 0.5417917021720999 31.84095937482631
 0.5526275362155419 35.47214972358816
 0.563463370258984 22.5931339546312
 0.574299204302426 47.47663715283413
 0.585135038345868 12.84772186531877
 0.5959708723893099 55.30948484783627
 0.6068067064327519 120.5141610962237
 0.6176425404761939 47.07001224598547
 0.628478374519636 36.10402115573055
 0.639314208563078 46.41267690858012
 0.65015004260652 36.74096709283788
 0.6609858766499619 34.3698323693518
 0.6718217106934039 5.231665168030126
 0.6826575447368459 13.12567798371536
 0.6934933787802879 28.63573566664781
 0.70432921282373 33.65713418348917
 0.715165046867172 50.10161049585292
 0.726000880910614 10.82273547297056
 0.7368367149540559 32.1605175227123
 0.7476725489974979 18.03180576269766
 0.7585083830409399 12.27496770814594
 0.7693442170843819 44.33492762143967
 0.780180051127824 48.22484753560641
 0.791015885171266 12.59594703250421
 0.8018517192147079 22.98677501911007
 0.8126875532581499 20.97092999797849
 0.8235233873015919 15.91368720097653
 0.8343592213450339 23.02479658832721
 0.8451950553884759 25.66707575027248
 0.856030889431918 14.34229454592232
 0.86686672347536 37.35239728100247
 0.8777025575188019 22.12558073990293
 0.8885383915622439 47.79083290540015
 0.8993742256056859 53.60537545062168
 0.9102100596491279 35.68161001769607
 0.92104589369257 12.13020187501365
 0.931881727736012 28.08303328912254
 0.9427175617794539 59.19042606078837
 0.9535533958228959 41.76992517276408
 0.9643892298663379 47.01486486007285
 0.9752250639097799 32.13340860181125
 0.9860608979532219 20.81306050559614
 0.996896731996664 46.1538639103486
 1.007732566040106 80.58884909849846
 1.018568400083548 30.12433719811574
 1.02940423412699 26.31295755302434
 1.040240068170432 41.08646061313236
 1.051075902213874 35.91512694575558
 1.061911736257316 47.29325939859014
 1.072747570300758 47.65248537428256
 1.0835834043442 33.49064091419813
 1.094419238387642 26.10512955231027
 1.105255072431084 21.56181531169026
 1.116090906474526 43.78295980297878
 1.126926740517968 56.11764429512795
 1.13776257456141 10.14765257260037
 1.148598408604852 7.520781039008718
 1.159434242648294 44.02613306113349
 1.170270076691736 23.41391785474089
 1.181105910735178 17.85757906890138
 1.19194174477862 6.772607365467482
 1.202777578822062 24.7747135454962
 1.213613412865504 33.27675882799722
 1.224449246908946 26.85519531009409
 1.235285080952388 14.08967040699295
 1.24612091499583 35.97950406427123
 1.256956749039272 40.25462927380964
 1.267792583082714 51.89988993046358
 1.278628417126156 30.30395074502369
 1.289464251169598 41.92130377255711
 1.30030008521304 36.39194373449152
 1.311135919256482 35.87453937431091
 1.321971753299924 14.71303082626768
 1.332807587343366 17.69562851510391
 1.343643421386808 30.34297617865322
 1.35447925543025 9.415322914173901
 1.365315089473692 12.66954263187136
 1.376150923517134 22.55554894564934
 1.386986757560576 20.53232060175617
 1.397822591604018 9.461727677506174
 1.40865842564746 14.40654361155917
 1.419494259690902 3.744777048224844
 1.430330093734344 20.62412245578823
 1.441165927777786 11.75172039517199
 1.452001761821228 25.64299309097992
 1.46283759586467 28.23472876115844
 1.473673429908112 52.75434462450482
 1.484509263951554 53.70372273026717
 1.495345097994996 31.00713817479872
 1.506180932038438 31.51610525204995
 1.51701676608188 26.20996596719548
 1.527852600125322 25.91785611045935
 1.538688434168764 33.35915197523283
 1.549524268212206 50.33708018391717
 1.560360102255648 7.915511391709876
 1.57119593629909 22.05840431641998
 1.582031770342532 5.8541573146806
 1.592867604385974 33.54757386565687
 1.603703438429416 8.15211026314142
 1.614539272472858 48.84532776078304
 1.6253751065163 35.21593906054981
 1.636210940559742 31.71444075086068
 1.647046774603184 35.12598309989593
 1.657882608646626 27.36641160793128
 1.668718442690068 9.707043946302804
 1.67955427673351 0.574174321008774
 1.690390110776952 25.4505840009211
 1.701225944820394 22.04850017605342
 1.712061778863836 23.30279912598319
 1.722897612907278 53.70347389102869
 1.73373344695072 253.2134089859461
 1.744569280994162 46.30331413006351
 1.755405115037604 24.3571856716439
 1.766240949081046 14.28421609005138
 1.777076783124488 14.74397297958915
 1.78791261716793 33.7816280726525
 1.798748451211372 43.49364365625414
 1.809584285254814 30.94743663581544
 1.820420119298256 28.04256958330562
 1.831255953341698 63.11798641093722
 1.84209178738514 43.70597999832137
 1.852927621428582 43.24657889223487
 1.863763455472024 13.50370816230007
 1.874599289515466 18.03026155417126
 1.885435123558908 12.77728015378624
 1.89627095760235 41.4705194993255
 1.907106791645792 25.42619210358008
 1.917942625689234 24.55679263766866
 1.928778459732676 31.80686352416606
 1.939614293776118 12.42193655876842
 1.95045012781956 49.46526412863086
 1.961285961863002 46.31961151380312
 1.972121795906444 62.91270075655247
 1.982957629949886 30.33121137842985
 1.993793463993328 55.13842093340227
 2.00462929803677 53.32921104811578
 2.015465132080212 45.64994069315143
 2.026300966123654 39.7682941534528
 2.037136800167096 18.53929906096666
 2.047972634210538 24.68027693398336
 2.05880846825398 34.07576239383625
 2.069644302297422 43.46271224590378
 2.080480136340864 57.15580013773034
 2.091315970384306 26.3678296550066
 2.102151804427748 25.33537655110253
 2.11298763847119 26.76797453610469
 2.123823472514632 36.73645179993144
 2.134659306558074 19.94776191927737
 2.145495140601516 65.55207978739563
 2.156330974644958 40.41574716438677
 2.1671668086884 6.186400795923424
 2.178002642731842 7.472647625269639
 2.188838476775284 43.42224640255037
 2.199674310818726 67.42891925282994
 2.210510144862168 65.60120326761877
 2.22134597890561 25.07425373291041
 2.232181812949052 20.43833184221498
 2.243017646992494 33.15702993187075
 2.253853481035936 3.964556802881022
 2.264689315079378 31.64491182391256
 2.27552514912282 42.13490813227084
 2.286360983166262 12.49116679740419
 2.297196817209704 36.81891475619967
