# Created by Octave 4.2.1, Sun Mar 25 18:55:10 2018 +03 <radko@kekrometr>
# name: SaveX
# type: matrix
# rows: 512
# columns: 2
 0 83.54445714267877
 0.010835834043442 6.69408855815175
 0.021671668086884 40.44969058220487
 0.03250750213032599 28.49062945637002
 0.043343336173768 61.0576927848293
 0.05417917021721 50.44133211401464
 0.06501500426065199 45.77097467613371
 0.07585083830409399 55.90466491042282
 0.08668667234753599 31.33708214292727
 0.09752250639097799 39.29929040783681
 0.10835834043442 47.09720017070634
 0.119194174477862 11.1841209809759
 0.130030008521304 40.43818554955714
 0.140865842564746 14.9109960186802
 0.151701676608188 39.55447248569666
 0.16253751065163 18.32330097813465
 0.173373344695072 32.35495422945589
 0.184209178738514 34.05748471240774
 0.195045012781956 30.66928343384154
 0.205880846825398 37.15698715024173
 0.21671668086884 58.99864055789724
 0.227552514912282 51.35213340392528
 0.238388348955724 50.31530835800955
 0.249224182999166 17.01012211278769
 0.2600600170426079 60.69719970921414
 0.27089585108605 20.05553562378592
 0.281731685129492 33.8166740041595
 0.292567519172934 10.00491078388173
 0.303403353216376 32.63201076362406
 0.314239187259818 53.86879077081398
 0.32507502130326 3.987436940527125
 0.335910855346702 32.56954911494936
 0.346746689390144 21.79224077074222
 0.357582523433586 26.01101502228933
 0.3684183574770279 56.38689566266332
 0.37925419152047 33.06683351082241
 0.390090025563912 43.58133503250357
 0.4009258596073539 38.1506278706461
 0.411761693650796 15.75137864751321
 0.422597527694238 36.22162695683588
 0.43343336173768 83.14724658182159
 0.444269195781122 32.39220400852216
 0.455105029824564 26.83613437834633
 0.465940863868006 35.67450189378193
 0.4767766979114479 1.914011677080894
 0.48761253195489 26.21788127808886
 0.498448365998332 28.34971621775444
 0.509284200041774 16.16161614811739
 0.5201200340852159 29.61044585260931
 0.5309558681286579 52.3954894599802
 0.5417917021720999 44.86105039244665
 0.5526275362155419 28.33337708302501
 0.563463370258984 38.27162463686931
 0.574299204302426 7.411262601046161
 0.585135038345868 38.09709410099436
 0.5959708723893099 91.93994515530677
 0.6068067064327519 103.2227223716085
 0.6176425404761939 36.20143356849702
 0.628478374519636 22.3107605315352
 0.639314208563078 70.51783042508019
 0.65015004260652 44.80469338305966
 0.6609858766499619 29.91949750187844
 0.6718217106934039 67.67369987415766
 0.6826575447368459 27.63598958223892
 0.6934933787802879 39.28585497721183
 0.70432921282373 21.89534190106331
 0.715165046867172 30.63620851578479
 0.726000880910614 38.03013023012189
 0.7368367149540559 21.72356547220829
 0.7476725489974979 23.16757783021715
 0.7585083830409399 42.93620410082946
 0.7693442170843819 24.35212940724231
 0.780180051127824 28.72077743067872
 0.791015885171266 43.57078044382918
 0.8018517192147079 25.02571330159829
 0.8126875532581499 44.52924906950413
 0.8235233873015919 60.58882501012739
 0.8343592213450339 47.69357122668009
 0.8451950553884759 15.25541149841278
 0.856030889431918 41.20692137445013
 0.86686672347536 37.97061050500911
 0.8777025575188019 38.89462729642063
 0.8885383915622439 3.673199814608209
 0.8993742256056859 69.79888953266376
 0.9102100596491279 39.08483371528865
 0.92104589369257 24.80817906697202
 0.931881727736012 24.18332967801579
 0.9427175617794539 26.44694722699976
 0.9535533958228959 47.41875496066949
 0.9643892298663379 44.9064947520301
 0.9752250639097799 41.45129390976751
 0.9860608979532219 51.41995360955438
 0.996896731996664 36.7281555517683
 1.007732566040106 49.30729283380567
 1.018568400083548 85.21024468542883
 1.02940423412699 38.28642420038314
 1.040240068170432 17.87032783924503
 1.051075902213874 28.29266145799976
 1.061911736257316 33.26517181320765
 1.072747570300758 33.28448136478804
 1.0835834043442 56.07061442291155
 1.094419238387642 40.17194497535173
 1.105255072431084 26.03215507092727
 1.116090906474526 54.05565672451555
 1.126926740517968 13.24060288004006
 1.13776257456141 21.95094220925514
 1.148598408604852 44.65010978107908
 1.159434242648294 31.1063390486726
 1.170270076691736 9.208484400072056
 1.181105910735178 42.11163508532971
 1.19194174477862 42.63940283074702
 1.202777578822062 16.30434788037952
 1.213613412865504 35.72656497925438
 1.224449246908946 13.24964106693582
 1.235285080952388 70.46599927377828
 1.24612091499583 27.32522994709195
 1.256956749039272 43.38922434076847
 1.267792583082714 25.00963636773765
 1.278628417126156 18.32528993526747
 1.289464251169598 52.01774240977151
 1.30030008521304 25.60794089415421
 1.311135919256482 32.88057860165577
 1.321971753299924 36.99197494434004
 1.332807587343366 37.00772404989191
 1.343643421386808 19.73287875776995
 1.35447925543025 14.13720790401602
 1.365315089473692 34.92189759358426
 1.376150923517134 40.7564250376228
 1.386986757560576 41.68166095319754
 1.397822591604018 9.600717016840873
 1.40865842564746 8.459114348164524
 1.419494259690902 22.87149418812362
 1.430330093734344 17.85800589389687
 1.441165927777786 46.17829737607334
 1.452001761821228 40.62312459687445
 1.46283759586467 11.30747974850618
 1.473673429908112 12.64401716124113
 1.484509263951554 16.70865270031388
 1.495345097994996 40.30040982887829
 1.506180932038438 57.97011645725041
 1.51701676608188 11.43913077804217
 1.527852600125322 6.15466991625672
 1.538688434168764 35.7784308637741
 1.549524268212206 15.06169329581359
 1.560360102255648 26.72846658676261
 1.57119593629909 63.50751335187286
 1.582031770342532 33.35225399286165
 1.592867604385974 16.17280530142171
 1.603703438429416 28.40949112477558
 1.614539272472858 38.46272314775766
 1.6253751065163 42.84282759130348
 1.636210940559742 50.15546028701533
 1.647046774603184 53.89466259235082
 1.657882608646626 55.74932953673667
 1.668718442690068 50.03058699045469
 1.67955427673351 33.42554798465786
 1.690390110776952 20.80062908952459
 1.701225944820394 36.1480169925046
 1.712061778863836 24.42350508306269
 1.722897612907278 32.41072429516738
 1.73373344695072 265.7919994626187
 1.744569280994162 42.8877587809254
 1.755405115037604 26.42844478637591
 1.766240949081046 58.70006297794508
 1.777076783124488 39.3117906322636
 1.78791261716793 32.05646776794556
 1.798748451211372 66.63328705935888
 1.809584285254814 14.4968439821929
 1.820420119298256 65.23766408579414
 1.831255953341698 16.8524393377883
 1.84209178738514 51.11943858817455
 1.852927621428582 13.27608167030934
 1.863763455472024 39.16611202148857
 1.874599289515466 22.65542164762855
 1.885435123558908 4.717353180579991
 1.89627095760235 17.66497136255876
 1.907106791645792 36.35076840871239
 1.917942625689234 49.32670693162955
 1.928778459732676 17.55751815537176
 1.939614293776118 24.82036643197745
 1.95045012781956 7.323733405708015
 1.961285961863002 39.72895272974735
 1.972121795906444 33.89274036861799
 1.982957629949886 45.02318006840318
 1.993793463993328 46.46461931379974
 2.00462929803677 6.951734774833901
 2.015465132080212 7.732495789542043
 2.026300966123654 92.05357450499936
 2.037136800167096 32.36341944618584
 2.047972634210538 12.44834571067302
 2.05880846825398 63.1604153293062
 2.069644302297422 4.006007852873193
 2.080480136340864 32.21247608159067
 2.091315970384306 26.08601229693975
 2.102151804427748 33.29743016647352
 2.11298763847119 25.25854254524633
 2.123823472514632 41.28383634301566
 2.134659306558074 36.7924713807193
 2.145495140601516 23.96594632238254
 2.156330974644958 31.2805601793373
 2.1671668086884 43.53338641095678
 2.178002642731842 13.96555915504628
 2.188838476775284 2.636249326615433
 2.199674310818726 38.74708030476517
 2.210510144862168 15.73793777691111
 2.22134597890561 22.91837290442709
 2.232181812949052 47.27877299730471
 2.243017646992494 60.95532722090827
 2.253853481035936 23.24828228553129
 2.264689315079378 26.40642689345938
 2.27552514912282 32.70431690558873
 2.286360983166262 9.99242124360153
 2.297196817209704 77.29004479859333
