# Created by Octave 4.2.1, Mon Mar 26 01:53:11 2018 +03 <radko@kekrometr>
# name: SaveX
# type: matrix
# rows: 512
# columns: 2
 0 0.8907637219069651
 0.010835834043442 0.8910697176081246
 0.021671668086884 0.8919890377572052
 0.03250750213032599 0.8935256946470684
 0.043343336173768 0.895686419568501
 0.05417917021721 0.8984807298448797
 0.06501500426065199 0.9019210243985776
 0.07585083830409399 0.9060227095983411
 0.08668667234753599 0.9108043577682665
 0.09752250639097799 0.9162879013677443
 0.10835834043442 0.9224988666475277
 0.119194174477862 0.9294666514419818
 0.130030008521304 0.9372248528075008
 0.140865842564746 0.9458116514637609
 0.151701676608188 0.9552702613982318
 0.16253751065163 0.9656494549206672
 0.173373344695072 0.9770041754413997
 0.184209178738514 0.9893962530625665
 0.195045012781956 1.002895241284192
 0.205880846825398 1.01757939720592
 0.21671668086884 1.033536832736772
 0.227552514912282 1.050866870708709
 0.238388348955724 1.069681647931098
 0.249224182999166 1.090108017558884
 0.2600600170426079 1.112289816452381
 0.27089585108605 1.13639058036342
 0.281731685129492 1.162596812207348
 0.292567519172934 1.191121938053103
 0.303403353216376 1.222211124488363
 0.314239187259818 1.256147183118097
 0.32507502130326 1.293257858403126
 0.335910855346702 1.333924891134806
 0.346746689390144 1.378595382532522
 0.357582523433586 1.427796169291947
 0.3684183574770279 1.482152182280736
 0.37925419152047 1.542410138216755
 0.390090025563912 1.609469462705464
 0.4009258596073539 1.684423156817026
 0.411761693650796 1.76861254789236
 0.422597527694238 1.863701757306818
 0.43343336173768 1.971780697215609
 0.444269195781122 2.09551021629278
 0.455105029824564 2.238330989749092
 0.465940863868006 2.404771392684414
 0.4767766979114479 2.600913768760173
 0.48761253195489 2.835123083137565
 0.498448365998332 3.1192280468662
 0.509284200041774 3.470520352084889
 0.5201200340852159 3.915319408399943
 0.5309558681286579 4.495747418147106
 0.5417917021720999 5.283683515760557
 0.5526275362155419 6.412675500833615
 0.563463370258984 8.162132100373674
 0.574299204302426 11.23125382456112
 0.585135038345868 18.00166604780886
 0.5959708723893099 45.23752916441359
 0.6068067064327519 88.90463239701064
 0.6176425404761939 22.49172866516242
 0.628478374519636 12.90597071689223
 0.639314208563078 9.068872324973247
 0.65015004260652 7.004574930539939
 0.6609858766499619 5.716712142124388
 0.6718217106934039 4.837775233534538
 0.6826575447368459 4.200597887533126
 0.6934933787802879 3.718212797638506
 0.70432921282373 3.34090774980361
 0.715165046867172 3.038206517381589
 0.726000880910614 2.790385671080759
 0.7368367149540559 2.584116914334746
 0.7476725489974979 2.410069741569888
 0.7585083830409399 2.261517339487604
 0.7693442170843819 2.133487857515796
 0.780180051127824 2.022227379289608
 0.791015885171266 1.924848747116814
 0.8018517192147079 1.83909529404314
 0.8126875532581499 1.763177888324279
 0.8235233873015919 1.695660057018917
 0.8343592213450339 1.635375415994524
 0.8451950553884759 1.581367282544783
 0.856030889431918 1.532843817194318
 0.86686672347536 1.489144228375216
 0.8777025575188019 1.449712983863277
 0.8885383915622439 1.414079901202647
 0.8993742256056859 1.381844612042364
 0.9102100596491279 1.352664320280436
 0.92104589369257 1.326244068467943
 0.931881727736012 1.302328934150746
 0.9427175617794539 1.280697725501491
 0.9535533958228959 1.261157852212951
 0.9643892298663379 1.243541125426062
 0.9752250639097799 1.227700297922125
 0.9860608979532219 1.21350619860069
 0.996896731996664 1.200845347507296
 1.007732566040106 1.189617962104101
 1.018568400083548 1.179736284247835
 1.02940423412699 1.171123171748025
 1.040240068170432 1.163710909668564
 1.051075902213874 1.157440205315289
 1.061911736257316 1.152259337828553
 1.072747570300758 1.148123438818367
 1.0835834043442 1.144993884926058
 1.094419238387642 1.14283778676516
 1.105255072431084 1.141627561610106
 1.116090906474526 1.141340579611472
 1.126926740517968 1.141958875281359
 1.13776257456141 1.143468917702251
 1.148598408604852 1.145861434307748
 1.159434242648294 1.149131284353673
 1.170270076691736 1.153277379300157
 1.181105910735178 1.158302648318619
 1.19194174477862 1.164214048099625
 1.202777578822062 1.171022617041071
 1.213613412865504 1.178743574812054
 1.224449246908946 1.18739646923924
 1.235285080952388 1.197005373453195
 1.24612091499583 1.207599137353036
 1.256956749039272 1.219211698676906
 1.267792583082714 1.231882460388276
 1.278628417126156 1.245656742755121
 1.289464251169598 1.260586320463571
 1.30030008521304 1.276730057467619
 1.311135919256482 1.294154655141471
 1.321971753299924 1.312935532801519
 1.332807587343366 1.33315786397685
 1.343643421386808 1.354917797176949
 1.35447925543025 1.378323896606418
 1.365315089473692 1.403498846753233
 1.376150923517134 1.430581475492712
 1.386986757560576 1.45972916408768
 1.397822591604018 1.491120730145846
 1.40865842564746 1.524959892526559
 1.419494259690902 1.561479457213723
 1.430330093734344 1.600946402772267
 1.441165927777786 1.643668096737074
 1.452001761821228 1.689999945152782
 1.46283759586467 1.740354873719168
 1.473673429908112 1.795215171111849
 1.484509263951554 1.855147408536889
 1.495345097994996 1.920821407616323
 1.506180932038438 1.993034596678953
 1.51701676608188 2.072743627824385
 1.527852600125322 2.161105909808463
 1.538688434168764 2.259534882766646
 1.549524268212206 2.369774646581036
 1.560360102255648 2.494002336354483
 1.57119593629909 2.634971073636844
 1.582031770342532 2.796213580214273
 1.592867604385974 2.982338770871213
 1.603703438429416 3.199474937586304
 1.614539272472858 3.455951639064882
 1.6253751065163 3.763385084134803
 1.636210940559742 4.138476034899083
 1.647046774603184 4.606132971559445
 1.657882608646626 5.205219819910594
 1.668718442690068 5.999920481019575
 1.67955427673351 7.104369710730977
 1.690390110776952 8.742982127065623
 1.701225944820394 11.42606467902761
 1.712061778863836 16.61783248823281
 1.722897612907278 30.92072599554304
 1.73373344695072 249.7657083424516
 1.744569280994162 40.25069002294564
 1.755405115037604 18.44549549328291
 1.766240949081046 11.8883448986461
 1.777076783124488 8.72880522788784
 1.78791261716793 6.86960737836989
 1.798748451211372 5.645031099722533
 1.809584285254814 4.777523075598328
 1.820420119298256 4.130775672965095
 1.831255953341698 3.630018359874335
 1.84209178738514 3.230812644029134
 1.852927621428582 2.905087151971329
 1.863763455472024 2.634237505033163
 1.874599289515466 2.405445498243401
 1.885435123558908 2.209591687276797
 1.89627095760235 2.040010793887025
 1.907106791645792 1.891717944446743
 1.917942625689234 1.760910260241816
 1.928778459732676 1.644635879050171
 1.939614293776118 1.540568264642196
 1.95045012781956 1.446848693177518
 1.961285961863002 1.361974037732499
 1.972121795906444 1.284715344919866
 1.982957629949886 1.214057773968293
 1.993793463993328 1.149155630236689
 2.00462929803677 1.089298242192319
 2.015465132080212 1.033883745984205
 2.026300966123654 0.9823987162573988
 2.037136800167096 0.9344021739502891
 2.047972634210538 0.8895129094050955
 2.05880846825398 0.8473993440448222
 2.069644302297422 0.8077713559851264
 2.080480136340864 0.770373640388748
 2.091315970384306 0.7349802815536047
 2.102151804427748 0.7013902926149722
 2.11298763847119 0.6694239384993323
 2.123823472514632 0.6389197045764554
 2.134659306558074 0.6097318116191374
 2.145495140601516 0.5817282112935606
 2.156330974644958 0.5547890288473127
 2.1671668086884 0.5288054551699707
 2.178002642731842 0.5036791341433402
 2.188838476775284 0.4793221509207202
 2.199674310818726 0.4556578141825258
 2.210510144862168 0.4326225597980735
 2.22134597890561 0.4101695155111585
 2.232181812949052 0.3882746075447548
 2.243017646992494 0.3669466418921375
 2.253853481035936 0.3462436801438269
 2.264689315079378 0.3262994180193844
 2.27552514912282 0.3073653024580357
 2.286360983166262 0.2898766028277773
