# Created by Octave 4.2.1, Wed Apr 11 15:16:36 2018 +03 <radko@kekrometr>
# name: S
# type: matrix
# rows: 5
# columns: 2
 200 0.5326973745069422
 400 0.5338622483213278
 600 0.5303598561432064
 800 0.4984270600139027
 1000 0.4872185799906658


