# Created by Octave 4.0.0, Wed Nov 22 19:20:00 2017 +03 <radko@kekrometr>
# name: hist2
# type: matrix
# rows: 11
# columns: 2
 1.8 0.08
 8.510000000000002 0.08
 15.22 0.12
 21.93 0.13
 28.64 0.14
 35.35 0.08
 42.06 0.18
 48.77 0.04
 55.48 0.07000000000000001
 62.19 0.08
 68.90000000000001 0


