# Created by Octave 4.2.1, Wed Apr 11 15:16:43 2018 +03 <radko@kekrometr>
# name: S
# type: matrix
# rows: 5
# columns: 2
 200 0.2819808286122438
 400 0.2833486968999264
 600 0.2782401613628687
 800 0.2808218493893518
 1000 0.2705850616783567


