# Created by Octave 4.2.1, Wed Apr 11 15:16:27 2018 +03 <radko@kekrometr>
# name: S
# type: matrix
# rows: 5
# columns: 2
 200 1
 400 1
 600 1
 800 1
 1000 1


