# Created by Octave 4.2.1, Tue Mar 27 16:36:24 2018 +03 <radko@kekrometr>
# name: SaveX
# type: matrix
# rows: 512
# columns: 2
 0 0.8844026705561525
 0.010835834043442 0.8847107767991125
 0.021671668086884 0.8856364305288943
 0.03250750213032599 0.8871836498952462
 0.043343336173768 0.8893591759238545
 0.05417917021721 0.8921725395115041
 0.06501500426065199 0.8956361569348902
 0.07585083830409399 0.8997654556253207
 0.08668667234753599 0.9045790325865962
 0.09752250639097799 0.9100988484661328
 0.10835834043442 0.9163504610835327
 0.119194174477862 0.9233633030728433
 0.130030008521304 0.9311710093573679
 0.140865842564746 0.9398118013963341
 0.151701676608188 0.9493289365801487
 0.16253751065163 0.9597712330452598
 0.173373344695072 0.9711936821950214
 0.184209178738514 0.9836581640024095
 0.195045012781956 0.9972342834003376
 0.205880846825398 1.012000350143436
 0.21671668086884 1.028044529646617
 0.227552514912282 1.045466198698997
 0.238388348955724 1.064377548088558
 0.249224182999166 1.084905484510355
 0.2600600170426079 1.10719389743713
 0.27089585108605 1.131406373787212
 0.281731685129492 1.157729465646237
 0.292567519172934 1.186376645685457
 0.303403353216376 1.217593123923977
 0.314239187259818 1.251661751604874
 0.32507502130326 1.288910308388447
 0.335910855346702 1.329720565167744
 0.346746689390144 1.374539647492725
 0.357582523433586 1.423894409937445
 0.3684183574770279 1.478409794114846
 0.37925419152047 1.538832519677736
 0.390090025563912 1.606062006691225
 0.4009258596073539 1.681191241563191
 0.411761693650796 1.765561527234579
 0.422597527694238 1.860836950360493
 0.43343336173768 1.969107377521401
 0.444269195781122 2.093033600483279
 0.455105029824564 2.236056225798564
 0.465940863868006 2.402703547820707
 0.4767766979114479 2.599057817115599
 0.48761253195489 2.833483893240056
 0.498448365998332 3.117810369056667
 0.509284200041774 3.469328805978625
 0.5201200340852159 3.91435847050166
 0.5309558681286579 4.495021409732061
 0.5417917021720999 5.283196591141629
 0.5526275362155419 6.412431636136735
 0.563463370258984 8.162135082935565
 0.574299204302426 11.23150724306772
 0.585135038345868 18.00217328328324
 0.5959708723893099 45.23829338215539
 0.6068067064327519 88.90360825443811
 0.6176425404761939 22.49044188381827
 0.628478374519636 12.90441881614262
 0.639314208563078 9.067053060921939
 0.65015004260652 7.002486298158185
 0.6609858766499619 5.714352376060759
 0.6718217106934039 4.835142807587985
 0.6826575447368459 4.197691512800054
 0.6934933787802879 3.715031419354581
 0.70432921282373 3.337450542917235
 0.715165046867172 3.034472880911704
 0.726000880910614 2.786375221323699
 0.7368367149540559 2.57982947699674
 0.7476725489974979 2.405505342911344
 0.7585083830409399 2.256676196575858
 0.7693442170843819 2.128370367684269
 0.780180051127824 2.016834108913343
 0.791015885171266 1.919180419807578
 0.8018517192147079 1.833152778377221
 0.8126875532581499 1.756962185209401
 0.8235233873015919 1.689172286802372
 0.8343592213450339 1.628616805418916
 0.8451950553884759 1.574339151642286
 0.856030889431918 1.525547566211686
 0.86686672347536 1.481581324812163
 0.8777025575188019 1.441884949693334
 0.8885383915622439 1.405988300352288
 0.8993742256056859 1.373491038177216
 0.9102100596491279 1.344050384953722
 0.92104589369257 1.317371389670355
 0.931881727736012 1.293199125294514
 0.9427175617794539 1.271312384865922
 0.9535533958228959 1.251518552866819
 0.9643892298663379 1.233649405639941
 0.9752250639097799 1.217557652075045
 0.9860608979532219 1.203114068580603
 0.996896731996664 1.190205114599428
 1.007732566040106 1.17873093935618
 1.018568400083548 1.168603709297546
 1.02940423412699 1.159746200098884
 1.040240068170432 1.152090608387264
 1.051075902213874 1.145577547133995
 1.061911736257316 1.140155195622935
 1.072747570300758 1.135778580438485
 1.0835834043442 1.132408968350704
 1.094419238387642 1.130013355552769
 1.105255072431084 1.128564040618544
 1.116090906474526 1.128038270955507
 1.126926740517968 1.128417954504788
 1.13776257456141 1.129689430128477
 1.148598408604852 1.131843291546844
 1.159434242648294 1.134874260937892
 1.170270076691736 1.138781109418049
 1.181105910735178 1.143566622622756
 1.19194174477862 1.149237610562293
 1.202777578822062 1.155804961831444
 1.213613412865504 1.163283743172356
 1.224449246908946 1.171693346332675
 1.235285080952388 1.181057685162087
 1.24612091499583 1.191405447003883
 1.256956749039272 1.202770403667871
 1.267792583082714 1.215191788698442
 1.278628417126156 1.228714749312436
 1.289464251169598 1.243390883348843
 1.30030008521304 1.259278873933578
 1.311135919256482 1.276445237424212
 1.321971753299924 1.294965203701528
 1.332807587343366 1.314923752188339
 1.343643421386808 1.336416832340008
 1.35447925543025 1.359552804062204
 1.365315089473692 1.384454141975667
 1.376150923517134 1.411259458169662
 1.386986757560576 1.440125911830984
 1.397822591604018 1.471232091799304
 1.40865842564746 1.504781481043714
 1.419494259690902 1.5410066420782
 1.430330093734344 1.580174301926279
 1.441165927777786 1.622591567988397
 1.452001761821228 1.66861357702086
 1.46283759586467 1.718652975688314
 1.473673429908112 1.773191763247905
 1.484509263951554 1.832796210422565
 1.495345097994996 1.898135826569751
 1.506180932038438 1.970007715194283
 1.51701676608188 2.049368190188779
 1.527852600125322 2.137374307842275
 1.538688434168764 2.235439140616093
 1.549524268212206 2.345306404508193
 1.560360102255648 2.469152833447346
 1.57119593629909 2.609731129367111
 1.582031770342532 2.770573574757651
 1.592867604385974 2.956288624100743
 1.603703438429416 3.173004086645243
 1.614539272472858 3.429049014408906
 1.6253751065163 3.736039083932752
 1.636210940559742 4.110674497666337
 1.647046774603184 4.577863146889974
 1.657882608646626 5.176468337159984
 1.668718442690068 5.970673315777476
 1.67955427673351 7.074612148909408
 1.690390110776952 8.71269872641221
 1.701225944820394 11.39523922785436
 1.712061778863836 16.58644796113238
 1.722897612907278 30.88876450584375
 1.73373344695072 249.7331510911351
 1.744569280994162 40.28386280215724
 1.755405115037604 18.47930459300856
 1.766240949081046 11.92281220144746
 1.777076783124488 8.763953774792924
 1.78791261716793 6.905461442752284
 1.798748451211372 5.68161626701345
 1.809584285254814 4.814866329362204
 1.820420119298256 4.168905487918323
 1.831255953341698 3.668964802479444
 1.84209178738514 3.270607481381452
 1.852927621428582 2.945763969743779
 1.863763455472024 2.675831835342416
 1.874599289515466 2.447994958376315
 1.885435123558908 2.253136130322055
 1.89627095760235 2.084592472415305
 1.907106791645792 1.937381688500718
 1.917942625689234 1.807703671023716
 1.928778459732676 1.69260953982513
 1.939614293776118 1.589775970523385
 1.95045012781956 1.49734770160498
 1.961285961863002 1.413825341614157
 1.972121795906444 1.337983970555229
 1.982957629949886 1.268813106020754
 1.993793463993328 1.205471766144264
 2.00462929803677 1.147254378492476
 2.015465132080212 1.093564599051817
 2.026300966123654 1.043894979876815
 2.037136800167096 0.9978110159054184
 2.047972634210538 0.9549385087918617
 2.05880846825398 0.9149534701778639
 2.069644302297422 0.8775739883948909
 2.080480136340864 0.8425536272358194
 2.091315970384306 0.8096760304387917
 2.102151804427748 0.7787504826598867
 2.11298763847119 0.7496082348739675
 2.123823472514632 0.7220994450298216
 2.134659306558074 0.6960906171292506
 2.145495140601516 0.6714624466197238
 2.156330974644958 0.6481079989293744
 2.1671668086884 0.6259311626849574
 2.178002642731842 0.6048453305780638
 2.188838476775284 0.5847722698675288
 2.199674310818726 0.5656411515634325
 2.210510144862168 0.5473877130411813
 2.22134597890561 0.5299535332809638
 2.232181812949052 0.5132854035991556
 2.243017646992494 0.497334779688248
 2.253853481035936 0.4820573030720849
 2.264689315079378 0.4674123821367545
 2.27552514912282 0.4533628244056103
 2.286360983166262 0.4398745130779479
