# Created by Octave 4.2.1, Mon Mar 26 01:52:59 2018 +03 <radko@kekrometr>
# name: SaveX
# type: matrix
# rows: 512
# columns: 2
 0 0.9430528531863347
 0.010835834043442 0.9433538790356689
 0.021671668086884 0.9442582784914124
 0.03250750213032599 0.9457700304379247
 0.043343336173768 0.9478958105112225
 0.05417917021721 0.9506450581742054
 0.06501500426065199 0.9540300723412959
 0.07585083830409399 0.9580661373064409
 0.08668667234753599 0.9627716813576365
 0.09752250639097799 0.9681684710910305
 0.10835834043442 0.9742818452346151
 0.119194174477862 0.9811409926494026
 0.130030008521304 0.9887792802220706
 0.140865842564746 0.9972346376153722
 0.151701676608188 1.006550007241669
 0.16253751065163 1.016773869757233
 0.173373344695072 1.027960857365923
 0.184209178738514 1.040172470019707
 0.195045012781956 1.053477912837549
 0.205880846825398 1.067955077135885
 0.21671668086884 1.083691692588538
 0.227552514912282 1.100786684430983
 0.238388348955724 1.119351777751552
 0.249224182999166 1.139513401260603
 0.2600600170426079 1.161414956226632
 0.27089585108605 1.185219533420968
 0.281731685129492 1.211113183349688
 0.292567519172934 1.239308874405681
 0.303403353216376 1.270051312613694
 0.314239187259818 1.303622848730301
 0.32507502130326 1.340350768906222
 0.335910855346702 1.380616361214142
 0.346746689390144 1.4248662830231
 0.357582523433586 1.473626939541373
 0.3684183574770279 1.527522846215604
 0.37925419152047 1.587300324308375
 0.390090025563912 1.653858428002424
 0.4009258596073539 1.728289815197881
 0.411761693650796 1.811935502653724
 0.422597527694238 1.906459338161444
 0.43343336173768 2.013951001739131
 0.444269195781122 2.137071155804393
 0.455105029824564 2.27926033955406
 0.465940863868006 2.445046846551967
 0.4767766979114479 2.640512997438373
 0.48761253195489 2.87402379665203
 0.498448365998332 3.157408060258507
 0.509284200041774 3.507957654198717
 0.5201200340852159 3.951992233247371
 0.5309558681286579 4.531634318305136
 0.5417917021720999 5.318763437210276
 0.5526275362155419 6.446927858584305
 0.563463370258984 8.195536854168791
 0.574299204302426 11.26379155393272
 0.585135038345868 18.03331802571918
 0.5959708723893099 45.26827742870851
 0.6068067064327519 88.87480497510325
 0.6176425404761939 22.46283831623983
 0.628478374519636 12.8780327130105
 0.639314208563078 9.041900924372584
 0.65015004260652 6.978583328074119
 0.6609858766499619 5.691712425924993
 0.6718217106934039 4.813778348357441
 0.6826575447368459 4.17761360514325
 0.6934933787802879 3.696249694481802
 0.70432921282373 3.319973192115449
 0.715165046867172 3.018306653772615
 0.726000880910614 2.771525432533701
 0.7368367149540559 2.56630002145391
 0.7476725489974979 2.393298718816156
 0.7585083830409399 2.245793536056969
 0.7693442170843819 2.118811474441867
 0.780180051127824 2.008597502280773
 0.791015885171266 1.912263384587011
 0.8018517192147079 1.827551419761771
 0.8126875532581499 1.752671488075928
 0.8235233873015919 1.686186178651164
 0.8343592213450339 1.626928222232844
 0.8451950553884759 1.573940105955457
 0.856030889431918 1.526429216698385
 0.86686672347536 1.483734046744002
 0.8777025575188019 1.445298405646405
 0.8885383915622439 1.410651510604106
 0.8993742256056859 1.379392450266365
 0.9102100596491279 1.351177941955672
 0.92104589369257 1.325712596769762
 0.931881727736012 1.302741114312082
 0.9427175617794539 1.282041976440571
 0.9535533958228959 1.263422316053997
 0.9643892298663379 1.246713714732871
 0.9752250639097799 1.231768740505642
 0.9860608979532219 1.218458079802309
 0.996896731996664 1.206668149886862
 1.007732566040106 1.196299102504997
 1.018568400083548 1.187263148228164
 1.02940423412699 1.179483145398419
 1.040240068170432 1.172891408855247
 1.051075902213874 1.167428702406094
 1.061911736257316 1.163043385972942
 1.072747570300758 1.159690693866283
 1.0835834043442 1.157332125078247
 1.094419238387642 1.155934930051937
 1.105255072431084 1.155471681311297
 1.116090906474526 1.155919917712903
 1.126926740517968 1.15726185408859
 1.13776257456141 1.159484149710871
 1.148598408604852 1.1625777304423
 1.159434242648294 1.166537660679274
 1.170270076691736 1.17136306230754
 1.181105910735178 1.177057078878244
 1.19194174477862 1.183626884182234
 1.202777578822062 1.191083735287886
 1.213613412865504 1.199443071042898
 1.224449246908946 1.208724657971211
 1.235285080952388 1.218952786503971
 1.24612091499583 1.230156521599977
 1.256956749039272 1.242370013021819
 1.267792583082714 1.255632871994398
 1.278628417126156 1.269990622602462
 1.289464251169598 1.285495238263089
 1.30030008521304 1.302205775979826
 1.311135919256482 1.320189123928472
 1.321971753299924 1.339520881444783
 1.332807587343366 1.360286394782414
 1.343643421386808 1.382581977388362
 1.35447925543025 1.406516350138673
 1.365315089473692 1.432212345459657
 1.376150923517134 1.459808929966392
 1.386986757560576 1.489463614001091
 1.397822591604018 1.521355334124565
 1.40865842564746 1.555687917544976
 1.419494259690902 1.592694267504196
 1.430330093734344 1.632641448228296
 1.441165927777786 1.675836900790251
 1.452001761821228 1.722636092090898
 1.46283759586467 1.773451995422545
 1.473673429908112 1.828766933163917
 1.484509263951554 1.889147495668515
 1.495345097994996 1.955263508441881
 1.506180932038438 2.027912387662285
 1.51701676608188 2.108050756419649
 1.527852600125322 2.196835976713299
 1.538688434168764 2.29568142320582
 1.549524268212206 2.406331110547722
 1.560360102255648 2.530962067715058
 1.57119593629909 2.672327288006095
 1.582031770342532 2.833959341490882
 1.592867604385974 3.020466966312537
 1.603703438429416 3.237978251300136
 1.614539272472858 3.494822523769221
 1.6253751065163 3.802615731035695
 1.636210940559742 4.178058341510115
 1.647046774603184 4.646058507279028
 1.657882608646626 5.245479789149371
 1.668718442690068 6.04050568365063
 1.67955427673351 7.145270499615766
 1.690390110776952 8.784188362380002
 1.701225944820394 11.46756567908517
 1.712061778863836 16.65961697647767
 1.722897612907278 30.96278204333938
 1.73373344695072 249.8080233072685
 1.744569280994162 40.20812956439895
 1.755405115037604 18.40270381746998
 1.766240949081046 11.84533721370724
 1.777076783124488 8.68559775884165
 1.78791261716793 6.826217459684509
 1.798748451211372 5.601477275995863
 1.809584285254814 4.733825211181774
 1.820420119298256 4.086955071442206
 1.831255953341698 3.586097894413517
 1.84209178738514 3.186816899755762
 1.852927621428582 2.861042581614684
 1.863763455472024 2.590172599264701
 1.874599289515466 2.361390972274723
 1.885435123558908 2.165580685473994
 1.89627095760235 1.996079114356821
 1.907106791645792 1.847904285778389
 1.917942625689234 1.717256492845638
 1.928778459732676 1.601187343809373
 1.939614293776118 1.497374101913254
 1.95045012781956 1.403962205519288
 1.961285961863002 1.319453090119385
 1.972121795906444 1.242622806615162
 1.982957629949886 1.172462006670469
 1.993793463993328 1.108131027586358
 2.00462929803677 1.048925826214492
 2.015465132080212 0.994251826518917
 2.026300966123654 0.9436036198898737
 2.037136800167096 0.8965490493265954
 2.047972634210538 0.8527166160450997
 2.05880846825398 0.8117854317451856
 2.069644302297422 0.7734771414593707
 2.080480136340864 0.7375493866870002
 2.091315970384306 0.7037904836708451
 2.102151804427748 0.6720150689645908
 2.11298763847119 0.6420605217757664
 2.123823472514632 0.6137840156286939
 2.134659306558074 0.5870600844024032
 2.145495140601516 0.5617786126754712
 2.156330974644958 0.5378431793379259
 2.1671668086884 0.5151696981842113
 2.178002642731842 0.4936853105134157
 2.188838476775284 0.473327493488898
 2.199674310818726 0.454043354481797
 2.210510144862168 0.4357890863114321
 2.22134597890561 0.4185295611820272
 2.232181812949052 0.4022380424114889
 2.243017646992494 0.3868959927240478
 2.253853481035936 0.3724929556218646
 2.264689315079378 0.3590264825769362
 2.27552514912282 0.3465020730925288
 2.286360983166262 0.3349330877655278
