# Created by Octave 4.2.1, Wed Apr 11 15:16:50 2018 +03 <radko@kekrometr>
# name: S
# type: matrix
# rows: 5
# columns: 2
 200 0.2023816472489237
 400 0.2069557580912723
 600 0.2171383333573592
 800 0.2116482046498244
 1000 0.2132965695582987


